Summary Statistics
Lat = 32.125, Lon = -101.875

Observations:
Mean: 1.1439518928527832
Variance: 13.865740776062012

Modeled Data (MPI historical):
Mean: 0.3897796796057314
Variance: 0.890441095001525
RMSE: 3.907435859164428
AIC: 25896.568710964137
R-squared: 0.10523901140016997
Adjusted R-squared: 0.10476763799979083

