Summary Statistics
Lat = 32.125, Lon = -101.875

Observations:
Mean: 1.1439518928527832
Variance: 13.865740776062012

Modeled Data (MPI historical):
Mean: 0.38982164889981313
Variance: 0.9002591360348601
RMSE: 3.90845392996092
AIC: 25901.51689660638
R-squared: 0.10594252511774284
Adjusted R-squared: 0.10547152233885637

