Summary Statistics
Lat = 32.125, Lon = -101.875

Observations:
Mean: 1.1439518928527832
Variance: 13.865740776062012

Modeled Data (MPI historical):
Mean: 0.5377280595835681
Variance: 4.230045597151337
RMSE: 4.27070993743284
AIC: 27585.11074672411
R-squared: 0.3315764444149233
Adjusted R-squared: 0.3312243089415353

