Summary Statistics
Lat = 32.125, Lon = -101.875

Observations:
Mean: 1.1439518928527832
Variance: 13.865740776062012

Modeled Data (MPI historical):
Mean: 0.37922631537921936
Variance: 0.8881386169038453
RMSE: 3.9192271141794675
AIC: 25953.799555823825
R-squared: 0.1062290056607441
Adjusted R-squared: 0.10575815380406983

