Summary Statistics
Lat = 32.125, Lon = -101.875

Observations:
Mean: 1.1439518928527832
Variance: 13.865740776062012

Modeled Data (MPI historical):
Mean: 0.4003820787655151
Variance: 0.9199939352007039
RMSE: 3.9175761257374044
AIC: 25945.796579617218
R-squared: 0.10622512399833638
Adjusted R-squared: 0.10575427009674465

