Summary Statistics
Lat = 38.125, Lon = -99.875

Observations:
Mean: 5.019500732421875
Variance: 108.76947021484375

Modeled Data (MPI historical):
Mean: 5.0598347695195915
Variance: 102.16439768199876
RMSE: 5.546721546860264
AIC: 32552.654535646223
R-squared: 0.9392895602131643
Adjusted R-squared: 0.9392511763734677

