Summary Statistics
Lat = 34.125, Lon = -95.875

Observations:
Mean: 3.213430166244507
Variance: 68.69828796386719

Modeled Data (ERA-I):
Mean: 3.170817446657318
Variance: 62.62923932610746
RMSE: 9.64310775542447
AIC: 43055.02786017305
R-squared: 0.9116829333357577
Adjusted R-squared: 0.9116364065911237

