Summary Statistics
Lat = 32.125, Lon = -101.875

Observations:
Mean: 1.1439518928527832
Variance: 13.865740776062012

Modeled Data (ERA-I):
Mean: 0.6813037991523743
Variance: 2.2050132751464844
RMSE: 3.2958455085754395
AIC: 22663.435722274568
R-squared: 0.17446285486221313
Adjusted R-squared: 0.1740279496124303

