Summary Statistics
Lat = 34.125, Lon = -101.875

Observations:
Mean: 1.3623828887939453
Variance: 17.876222610473633

Modeled Data (GFDL historical):
Mean: 1.6065807742023552
Variance: 25.70102685569102
RMSE: 6.561575066955252
AIC: 35742.0954562632
R-squared: 1.4410572239344026
Adjusted R-squared: 1.4412895794416907

