Summary Statistics
Lat = 36.125, Lon = -99.875

Observations:
Mean: 1.7224146127700806
Variance: 25.3794002532959

Modeled Data (ERA-I):
Mean: 1.8519183386528508
Variance: 29.529347412139515
RMSE: 6.557282825021389
AIC: 35729.66650141482
R-squared: 1.1641771433574681
Adjusted R-squared: 1.1642636343190935

