Summary Statistics
Lat = 34.125, Lon = -99.875

Observations:
Mean: 1.8371623754501343
Variance: 32.15911102294922

Modeled Data (ERA-I):
Mean: 1.903110603892202
Variance: 33.219325930764604
RMSE: 7.054631377253587
AIC: 37118.280241552704
R-squared: 1.0331030822060194
Adjusted R-squared: 1.0331205214022086

