Observations:
Mean: 20.33043670654297
Variance: 122.28717041015625

Modeled Data (Python):
Mean: 20.316083913443286
Variance: 113.38349507260372
Modeled Data (SDSM):
Mean: 20.344420132673473
Variance: 112.82254102534202
