Summary Statistics
Lat = 38.125, Lon = -101.875

Observations:
Mean: 20.33043670654297
Variance: 122.2872085571289

Modeled Data (SDSM):
Mean: 20.393666420975045
Variance: 121.5542235526189

Modeled Data (Python):
Mean: 20.37316759717822
Variance: 121.36509922040841

