Summary Statistics
Lat = 32.125, Lon = -101.875

Observations:
Mean: 1.1439518928527832
Variance: 13.865740776062012

Modeled Data (ERA-I):
Mean: 6.441727184037194
Variance: 484.0076826896576
RMSE: 22.53883083962098
AIC: 59180.861661321585
R-squared: 36.930887739920514
Adjusted R-squared: 36.94981666613478

