Summary Statistics
Lat = 38.125, Lon = -101.875

Observations:
Mean: 20.33043670654297
Variance: 122.2872085571289

Modeled Data (SDSM):
Mean: 20.330638201537326
Variance: 112.38224942369806

Modeled Data (Python):
Mean: 20.37316759717822
Variance: 121.36509922040841

