Summary Statistics
Lat = 38.125, Lon = -95.875

Observations:
Mean: 2.653663158416748
Variance: 53.417945861816406

Modeled Data (ERA-I):
Mean: 2.5084780720835207
Variance: 49.14295339721875
RMSE: 8.873951292071412
AIC: 41476.18439702724
R-squared: 0.9203654798557074
Adjusted R-squared: 0.9203235272057525

