Summary Statistics
Lat = 34.125, Lon = -93.875

Observations:
Mean: 22.588085174560547
Variance: 84.39239501953125

Modeled Data (MPI historical):
Mean: 22.52741596251738
Variance: 77.30559571829006
RMSE: 6.355028331076476
AIC: 35136.58541327633
R-squared: 0.9160692466151666
Adjusted R-squared: 0.9160161818606557

