Summary Statistics
Lat = 32.125, Lon = -99.875

Observations:
Mean: 1.8097831010818481
Variance: 27.353986740112305

Modeled Data (MPI historical):
Mean: 2.0091756107343683
Variance: 36.550147126250565
RMSE: 7.87377221576071
AIC: 39204.8267819096
R-squared: 1.3376442997632303
Adjusted R-squared: 1.3378221758035649

