Summary Statistics
Lat = 34.125, Lon = -101.875

Observations:
Mean: 22.43814468383789
Variance: 89.5223617553711

Modeled Data (MPI historical):
Mean: 22.442738843702436
Variance: 82.35413250176346
RMSE: 6.639372276178166
AIC: 35967.972919153086
R-squared: 0.9199282890809168
Adjusted R-squared: 0.9198776641846561

