Summary Statistics
Lat = 34.125, Lon = -101.875

Observations:
Mean: 22.43814468383789
Variance: 89.5223617553711

Modeled Data (MPI historical):
Mean: 22.438581181428624
Variance: 82.9506087301073
RMSE: 6.684384985162305
AIC: 36102.3112895423
R-squared: 0.9265909295327421
Adjusted R-squared: 0.9265212887997174

