Summary Statistics
Lat = 32.125, Lon = -93.875

Observations:
Mean: 3.67868709564209
Variance: 85.61678314208984

Modeled Data (ERA-I):
Mean: 3.361674413757566
Variance: 72.85734973551988
RMSE: 10.583234778030324
AIC: 44821.99573524169
R-squared: 0.8521441814698717
Adjusted R-squared: 0.8520662888249817

