Summary Statistics
Lat = 32.125, Lon = -95.875

Observations:
Mean: 2.9330739974975586
Variance: 58.377166748046875

Modeled Data (ERA-I):
Mean: 2.9327961086461123
Variance: 59.112761775718596
RMSE: 9.149494763034065
AIC: 42056.992359591386
R-squared: 1.0126007608204182
Adjusted R-squared: 1.012607399088683

