Summary Statistics
Lat = 32.125, Lon = -95.875

Observations:
Mean: 24.988006591796875
Variance: 76.6565933227539

Modeled Data (MPI historical):
Mean: 25.056758931129924
Variance: 70.42225962960549
RMSE: 6.4011833248266905
AIC: 35274.0355905927
R-squared: 0.9187335551607987
Adjusted R-squared: 0.9186821749006264

