Summary Statistics
Lat = 32.125, Lon = -101.875

Observations:
Mean: 1.1439518928527832
Variance: 13.865740776062012

Modeled Data (MPI historical):
Mean: 1.427541033890105
Variance: 20.62923104177152
RMSE: 5.847020988904944
AIC: 33552.118084830894
R-squared: 1.4935844102352829
Adjusted R-squared: 1.4938444378457745

