Summary Statistics
Lat = 32.125, Lon = -101.875

Observations:
Mean: 1.1439518928527832
Variance: 13.865740776062012

Modeled Data (GFDL historical):
Mean: 1.4122081960490094
Variance: 20.77740031078519
RMSE: 5.820617257771124
AIC: 33466.15153107652
R-squared: 1.503660173035987
Adjusted R-squared: 1.503925508708222

