Summary Statistics
Lat = 38.125, Lon = -101.875

Observations:
Mean: 1.2025270462036133
Variance: 12.616653442382812

Modeled Data (OLS):
Mean: 0.6852983832359314
Variance: 1.5571706295013428

