Summary Statistics
Lat = 36.125, Lon = -97.875

Observations:
Mean: 21.968647003173828
Variance: 118.45164489746094

Modeled Data (MPI historical):
Mean: 22.04687266577792
Variance: 109.92164594713125
RMSE: 7.162232943464531
AIC: 37407.80119257005
R-squared: 0.9280391792486689
Adjusted R-squared: 0.9279936824178461

