Summary Statistics
Lat = 38.125, Lon = -93.875

Observations:
Mean: 2.977818250656128
Variance: 55.47262954711914

Modeled Data (ERA-I):
Mean: 3.1393652198929023
Variance: 59.6760494056156
RMSE: 9.203266707059976
AIC: 42168.29410881767
R-squared: 1.076245120364985
Adjusted R-squared: 1.0762852874287112

