Summary Statistics
Lat = 38.125, Lon = -93.875

Observations:
Mean: 2.977818250656128
Variance: 55.47262954711914

Modeled Data (ERA-I):
Mean: 2.9495487972740695
Variance: 56.520348769576486
RMSE: 8.952846552986493
AIC: 41644.30728512171
R-squared: 1.0189015452514614
Adjusted R-squared: 1.0189115028667028

