Summary Statistics
Lat = 38.125, Lon = -93.875

Observations:
Mean: 2.977818250656128
Variance: 55.47262954711914

Modeled Data (ERA-I):
Mean: 2.9563360611210396
Variance: 53.28622863785101
RMSE: 8.983907457304579
AIC: 41710.09080492753
R-squared: 0.9605942712398257
Adjusted R-squared: 0.9605735117156659

