Summary Statistics
Lat = 32.125, Lon = -93.875

Observations:
Mean: 24.655738830566406
Variance: 73.80225372314453

Modeled Data (MPI historical):
Mean: 24.705859757281306
Variance: 67.06112996724748
RMSE: 6.231815200406088
AIC: 34764.70743512196
R-squared: 0.9086936920843598
Adjusted R-squared: 0.9086359641762993

