Summary Statistics
Lat = 34.125, Lon = -101.875

Observations:
Mean: 1.3623828887939453
Variance: 17.876224517822266

Modeled Data (ERA-I):
Mean: 1.5763123071055876
Variance: 25.238420311282738
RMSE: 5.720335962442227
AIC: 33136.059063602035
R-squared: 1.4144030644961645
Adjusted R-squared: 1.41462137819572

