Summary Statistics
Lat = 38.125, Lon = -101.875

Observations:
Mean: 3.261350631713867
Variance: 103.82479095458984

Modeled Data (MPI historical):
Mean: 3.2511957683546746
Variance: 97.58634608508378
RMSE: 5.279061432065156
AIC: 31613.235643996057
R-squared: 0.939914697175608
Adjusted R-squared: 0.9398767085752976

