Summary Statistics
Lat = 36.125, Lon = -93.875

Observations:
Mean: 3.216546058654785
Variance: 58.66904067993164

Modeled Data (ERA-I):
Mean: 3.286561460025861
Variance: 67.08328136067432
RMSE: 9.487618816959849
AIC: 42746.26573123411
R-squared: 1.1435023184603204
Adjusted R-squared: 1.1435779176166054

