Summary Statistics
Lat = 36.125, Lon = -95.875

Observations:
Mean: 21.778350830078125
Variance: 104.43494415283203

Modeled Data (MPI historical):
Mean: 21.82732675983021
Variance: 95.83621886174603
RMSE: 6.917480080645401
AIC: 36747.37519986714
R-squared: 0.9176872364891595
Adjusted R-squared: 0.9176351946997954

