Summary Statistics
Lat = 38.125, Lon = -95.875

Observations:
Mean: 19.212997436523438
Variance: 121.8893051147461

Modeled Data (MPI historical):
Mean: 19.325252419156694
Variance: 112.22854416368047
RMSE: 7.354849691230549
AIC: 37911.86627440222
R-squared: 0.9208448876243421
Adjusted R-squared: 0.9207948422424397

