Summary Statistics
Lat = 36.125, Lon = -101.875

Observations:
Mean: 1.237566590309143
Variance: 12.784571647644043

Modeled Data (ERA-I):
Mean: 1.4077806671853472
Variance: 16.783497208801496
RMSE: 4.877332324239047
AIC: 30107.862304496295
R-squared: 1.3150593027069857
Adjusted R-squared: 1.3152252806348683

