Summary Statistics
Lat = 34.125, Lon = -93.875

Observations:
Mean: 3.8200454711914062
Variance: 86.6974868774414

Modeled Data (ERA-I):
Mean: 3.73779362621563
Variance: 87.24294259464072
RMSE: 10.857493164651496
AIC: 45307.944528904525
R-squared: 1.0063694804061993
Adjusted R-squared: 1.0063728359432378

