Summary Statistics
Lat = 32.125, Lon = -101.875

Observations:
Mean: 1.1439518928527832
Variance: 13.865740776062012

Modeled Data (MPI historical):
Mean: 0.6936893240029216
Variance: 1.95103920229577
RMSE: 3.975399707459803
AIC: 26224.09991755785
R-squared: 0.15533072926535627
Adjusted R-squared: 0.15488574492717555

