Summary Statistics
Lat = 32.125, Lon = -101.875

Observations:
Mean: 1.1439518928527832
Variance: 13.865740776062012

Modeled Data (MPI historical):
Mean: 1.430564440315887
Variance: 23.008991603731072
RMSE: 6.045353094917339
AIC: 34185.712235823885
R-squared: 1.6653375534535608
Adjusted R-squared: 1.6656880631751148

