Summary Statistics
Lat = 36.125, Lon = -93.875

Observations:
Mean: 20.538406372070312
Variance: 94.51150512695312

Modeled Data (MPI historical):
Mean: 20.588621613939935
Variance: 87.16621617699869
RMSE: 6.7683264080751515
AIC: 36333.34961330931
R-squared: 0.9223082312419284
Adjusted R-squared: 0.9222591110509328

