Summary Statistics
Lat = 36.125, Lon = -97.875

Observations:
Mean: 2.3036015033721924
Variance: 45.04706573486328

Modeled Data (ERA-I):
Mean: 2.2449660094081647
Variance: 46.43705034042829
RMSE: 8.259393381992112
AIC: 40113.003636718706
R-squared: 1.0309325566361671
Adjusted R-squared: 1.0309488523671946

