Summary Statistics
Lat = 32.125, Lon = -97.875

Observations:
Mean: 2.3528714179992676
Variance: 43.94992446899414

Modeled Data (ERA-I):
Mean: 2.4678496730788866
Variance: 45.461469447608714
RMSE: 8.055279584345199
AIC: 39637.70881705476
R-squared: 1.0346932212344733
Adjusted R-squared: 1.0347114981395593

