Summary Statistics
Lat = 36.125, Lon = -95.875

Observations:
Mean: 2.8593666553497314
Variance: 57.187843322753906

Modeled Data (ERA-I):
Mean: 2.765122434887355
Variance: 58.504196286701706
RMSE: 9.27245213630392
AIC: 42310.54721373101
R-squared: 1.0231733878246037
Adjusted R-squared: 1.023185595910066

