Summary Statistics
Lat = 32.125, Lon = -95.875

Observations:
Mean: 12.301080703735352
Variance: 73.72534942626953

Modeled Data (MPI historical):
Mean: 12.395468088370643
Variance: 67.93607436989491
RMSE: 5.968164638712125
AIC: 33943.63090259723
R-squared: 0.9215959730594578
Adjusted R-squared: 0.9215464025471667

