Summary Statistics
Lat = 32.125, Lon = -101.875

Observations:
Mean: 1.1439518928527832
Variance: 13.865740776062012

Modeled Data (ERA-I):
Mean: 4.084741078759985
Variance: 329.0675379783855
RMSE: 18.31370399304194
AIC: 55237.89710406066
R-squared: 24.356130066578533
Adjusted R-squared: 24.36843442337264

