Summary Statistics
Lat = 32.125, Lon = -99.875

Observations:
Mean: 24.993207931518555
Variance: 80.10370635986328

Modeled Data (MPI historical):
Mean: 25.02992381909774
Variance: 74.54654961579904
RMSE: 6.691914486712155
AIC: 36123.69468752073
R-squared: 0.9306423315607367
Adjusted R-squared: 0.9305765342574845

