Summary Statistics
Lat = 32.125, Lon = -99.875

Observations:
Mean: 10.757704734802246
Variance: 77.05342102050781

Modeled Data (MPI historical):
Mean: 10.898302072205386
Variance: 72.37486033850796
RMSE: 5.037098935154765
AIC: 30722.074874959773
R-squared: 0.9395380954177188
Adjusted R-squared: 0.9394998687130304

