Summary Statistics
Lat = 32.125, Lon = -99.875

Observations:
Mean: 1.809782862663269
Variance: 27.353984832763672

Modeled Data (ERA-I):
Mean: 1.9917542293346775
Variance: 33.34899286888237
RMSE: 6.735554502908155
AIC: 36239.158221385325
R-squared: 1.2203745186035684
Adjusted R-squared: 1.220490615178536

