Summary Statistics
Lat = 36.125, Lon = -99.875

Observations:
Mean: 21.271835327148438
Variance: 111.90142822265625

Modeled Data (MPI historical):
Mean: 21.32773334902627
Variance: 103.24859956207331
RMSE: 7.34971360654977
AIC: 37898.597631951794
R-squared: 0.9227024597066463
Adjusted R-squared: 0.9226535887644166

