Summary Statistics
Lat = 34.125, Lon = -93.875

Observations:
Mean: 9.546175003051758
Variance: 80.65528869628906

Modeled Data (MPI historical):
Mean: 9.643510089613208
Variance: 74.90350230581754
RMSE: 5.939023747543924
AIC: 33850.66131583063
R-squared: 0.9288043010173047
Adjusted R-squared: 0.9287592879304875

