Summary Statistics
Lat = 38.125, Lon = -101.875

Observations:
Mean: 1.2025270462036133
Variance: 12.616653442382812

Modeled Data (ERA-I):
Mean: 1.387516333266145
Variance: 18.60698937125933
RMSE: 5.093642911201482
AIC: 30932.104250501066
R-squared: 1.477508297957865
Adjusted R-squared: 1.4777598564332406

