Summary Statistics
Lat = 38.125, Lon = -97.875

Observations:
Mean: 2.1336026191711426
Variance: 38.96581268310547

Modeled Data (ERA-I):
Mean: 2.0303373520908887
Variance: 38.434068664200176
RMSE: 7.656914814953065
AIC: 38674.35994720356
R-squared: 0.9866272721786836
Adjusted R-squared: 0.9866202272267179

