Summary Statistics
Lat = 34.125, Lon = -99.875

Observations:
Mean: 24.457752227783203
Variance: 103.38997650146484

Modeled Data (MPI historical):
Mean: 24.504969020856333
Variance: 95.58557457341591
RMSE: 7.068106003903435
AIC: 37156.52493397198
R-squared: 0.9245364537749264
Adjusted R-squared: 0.9244887423653004

