Summary Statistics
Lat = 38.125, Lon = -97.875

Observations:
Mean: 19.79226303100586
Variance: 130.435546875

Modeled Data (MPI historical):
Mean: 19.92386586996386
Variance: 119.54840254309873
RMSE: 7.466039152756578
AIC: 38196.86568002515
R-squared: 0.9166651732179594
Adjusted R-squared: 0.9166124852347463

