Summary Statistics
Lat = 34.125, Lon = -101.875

Observations:
Mean: 6.881174564361572
Variance: 83.09654235839844

Modeled Data (MPI historical):
Mean: 6.8957709898567945
Variance: 78.81099059601644
RMSE: 4.864005321076094
AIC: 30057.89136062377
R-squared: 0.9484293833929252
Adjusted R-squared: 0.9483967781558712

