Summary Statistics
Lat = 38.125, Lon = -99.875

Observations:
Mean: 1.5285123586654663
Variance: 20.246700286865234

Modeled Data (ERA-I):
Mean: 1.605828163197471
Variance: 24.924172482963773
RMSE: 5.9220157771711595
AIC: 33794.18892156831
R-squared: 1.231319212011313
Adjusted R-squared: 1.2314410744135948

