Summary Statistics
Lat = 36.125, Lon = -97.875

Observations:
Mean: 8.992347717285156
Variance: 99.17366027832031

Modeled Data (MPI historical):
Mean: 9.011452226252421
Variance: 93.2472375084099
RMSE: 5.624134511359905
AIC: 32815.91195806493
R-squared: 0.9402456498393663
Adjusted R-squared: 0.9402078704820467

