Summary Statistics
Lat = 32.125, Lon = -101.875

Observations:
Mean: 10.152944564819336
Variance: 75.88465118408203

Modeled Data (MPI historical):
Mean: 10.262928818896542
Variance: 72.15499172141435
RMSE: 4.63397280883682
AIC: 29137.676119227275
R-squared: 0.9510103870211398
Adjusted R-squared: 0.9509794136093513

