Summary Statistics
Lat = 38.125, Lon = -101.875

Observations:
Mean: 20.33043670654297
Variance: 122.2872085571289

Modeled Data (MPI historical):
Mean: 20.404941921792133
Variance: 110.48070698441636
RMSE: 7.54849686375824
AIC: 38405.4925076732
R-squared: 0.9034980748010891
Adjusted R-squared: 0.9034370619927442

