Summary Statistics
Lat = 38.125, Lon = -101.875

Observations:
Mean: 20.33043670654297
Variance: 122.28717041015625

Modeled Data (SDSM):
Mean: 20.30342508160472
Variance: 122.45952338664229

Modeled Data (Python):
Mean: 20.31159693790837
Variance: 114.03829432814555

