Summary Statistics
Lat = 38.125, Lon = -101.875

Observations:
Mean: 20.33043670654297
Variance: 122.2872085571289

Modeled Data (SDSM):
Mean: 20.360244814151837
Variance: 121.42356541347871

Modeled Data (Python):
Mean: 20.37316759717822
Variance: 121.36509922040841

