Summary Statistics
Lat = 34.125, Lon = -97.875

Observations:
Mean: 2.3582563400268555
Variance: 44.75321960449219

Modeled Data (ERA-I):
Mean: 2.301022117335268
Variance: 43.56417102396037
RMSE: 7.880164446660463
AIC: 39220.24058519885
R-squared: 0.9735041502174687
Adjusted R-squared: 0.9734901918096178

