Summary Statistics
Lat = 32.125, Lon = -101.875

Observations:
Mean: 1.1439518928527832
Variance: 13.865740776062012

Modeled Data (ERA-I):
Mean: 0.6847360730171204
Variance: 2.2114129066467285
RMSE: 3.3035497665405273
AIC: 22707.784290232557
R-squared: 0.1746961772441864
Adjusted R-squared: 0.17426139491210557

