Summary Statistics
Lat = 32.125, Lon = -101.875

Observations:
Mean: 0.35112857818603516
Variance: 0.34407711029052734

Modeled Data (ERA-I):
Mean: 0.6761207580566406
Variance: 2.172273874282837
RMSE: 1.3406744003295898
AIC: 5578.523667246415
R-squared: 6.620299339294434
Adjusted R-squared: 6.6232601966009845

