Summary Statistics
Lat = 32.125, Lon = -101.875

Observations:
Mean: 1.1439518928527832
Variance: 13.865740776062012

Modeled Data (ERA-I):
Mean: 4.244706760305562
Variance: 370.1385482922275
RMSE: 19.300838374079685
AIC: 56235.06125553443
R-squared: 27.387879437268364
Adjusted R-squared: 27.401780964735053

