Summary Statistics
Lat = 32.125, Lon = -101.875

Observations:
Mean: 1.1439518928527832
Variance: 13.865740776062012

Modeled Data (ERA-I):
Mean: 0.6767511367797852
Variance: 2.1844282150268555
RMSE: 3.3055784702301025
AIC: 22719.444221565318
R-squared: 0.17328356206417084
Adjusted R-squared: 0.1728480355453974

