Summary Statistics
Lat = 32.125, Lon = -101.875

Observations:
Mean: 1.1439518928527832
Variance: 13.865740776062012

Modeled Data (ERA-I):
Mean: 0.6739051342010498
Variance: 2.162580966949463
RMSE: 3.3010711669921875
AIC: 22693.527974249253
R-squared: 0.17190028727054596
Adjusted R-squared: 0.17146403202203186

