Summary Statistics
Lat = 32.125, Lon = -101.875

Observations:
Mean: 1.1439518928527832
Variance: 13.865740776062012

Modeled Data (ERA-I):
Mean: 0.6978826522827148
Variance: 2.2246642112731934
RMSE: 3.2744827270507812
AIC: 22539.92206415008
R-squared: 0.1747935563325882
Adjusted R-squared: 0.1743588253012599

