Summary Statistics
Lat = 32.125, Lon = -101.875

Observations:
Mean: 1.1439518928527832
Variance: 13.865740776062012

Modeled Data (ERA-I):
Mean: 0.3785752058029175
Variance: 0.977485716342926
RMSE: 3.7185728549957275
AIC: 24955.57932078807
R-squared: 0.11274459958076477
Adjusted R-squared: 0.11227718023590161

