Summary Statistics
Lat = 32.125, Lon = -101.875

Observations:
Mean: 1.1439518928527832
Variance: 13.865740776062012

Modeled Data (ERA-I):
Mean: 2.0405001197339945
Variance: 44.13513207954235
RMSE: 6.99478663041105
AIC: 36956.46599476651
R-squared: 3.241004749251746
Adjusted R-squared: 3.2421853438936448

