Summary Statistics
Lat = 32.125, Lon = -101.875

Observations:
Mean: 1.1439518928527832
Variance: 13.865740776062012

Modeled Data (ERA-I):
Mean: 1.303955998085423
Variance: 18.67914581554794
RMSE: 4.74610936210663
AIC: 29589.834863123724
R-squared: 1.3489901338689763
Adjusted R-squared: 1.3491739870635127

