Summary Statistics
Lat = 32.125, Lon = -101.875

Observations:
Mean: 1.1439518928527832
Variance: 13.865740776062012

Modeled Data (ERA-I):
Mean: 1.40318086666419
Variance: 21.531960082002502
RMSE: 5.184979666968769
AIC: 31269.677887584356
R-squared: 1.557735755082139
Adjusted R-squared: 1.5580295785754916

