Summary Statistics
Lat = 32.125, Lon = -101.875

Observations:
Mean: 1.1439518928527832
Variance: 13.865740776062012

Modeled Data (ERA-I):
Mean: 2.1203396086520923
Variance: 45.545274569163226
RMSE: 7.080714182846076
AIC: 37188.37649347509
R-squared: 3.353488950034126
Adjusted R-squared: 3.354728803026452

