Summary Statistics
Lat = 32.125, Lon = -101.875

Observations:
Mean: 1.1439518928527832
Variance: 13.865740776062012

Modeled Data (ERA-I):
Mean: 2.093310126303442
Variance: 85.48642848377658
RMSE: 9.281510098752106
AIC: 42329.092789088936
R-squared: 6.230299027873334
Adjusted R-squared: 6.233054427213696

