Summary Statistics
Lat = 32.125, Lon = -101.875

Observations:
Mean: 1.1439518928527832
Variance: 13.865740776062012

Modeled Data (ERA-I):
Mean: 1.4048656350898276
Variance: 23.141803457463347
RMSE: 5.286596735537202
AIC: 31638.328244597742
R-squared: 1.6739011842443448
Adjusted R-squared: 1.6742562054140024

