Summary Statistics
Lat = 32.125, Lon = -101.875

Observations:
Mean: 1.1439518928527832
Variance: 13.865740776062012

Modeled Data (OLS):
Mean: 0.3894135653972626
Variance: 0.9398748278617859
RMSE: 3.7022056579589844
AIC: 24871.792932875465
R-squared: 0.10884401947259903
Adjusted R-squared: 0.10837454524410495

