Summary Statistics
Lat = 32.125, Lon = -101.875

Observations:
Mean: 1.1439518928527832
Variance: 13.865740776062012

Modeled Data (ERA-I):
Mean: 1.959916560291102
Variance: 36.79274003025153
RMSE: 6.585338278563774
AIC: 35810.75931993608
R-squared: 2.7015173388587765
Adjusted R-squared: 2.7024137235067895

