Summary Statistics
Lat = 32.125, Lon = -101.875

Observations:
Mean: 1.1439518928527832
Variance: 13.865740776062012

Modeled Data (ERA-I):
Mean: 0.686429888323303
Variance: 3.8727602845581006
RMSE: 3.532405144670343
AIC: 23980.02880376568
R-squared: 0.29440091353723635
Adjusted R-squared: 0.2940291934411122

