Summary Statistics
Lat = 32.125, Lon = -101.875

Observations:
Mean: 1.1439518928527832
Variance: 13.865740776062012

Modeled Data (ERA-I):
Mean: 6.085904339713451
Variance: 382.78358001716674
RMSE: 20.19977032496701
AIC: 57099.7194241305
R-squared: 29.36781299868768
Adjusted R-squared: 29.382757584610495

