Summary Statistics
Lat = 32.125, Lon = -101.875

Observations:
Mean: 1.1439518928527832
Variance: 13.865740776062012

Modeled Data (ERA-I):
Mean: 0.6793426871299744
Variance: 2.1745762825012207
RMSE: 3.2993812561035156
AIC: 22683.802063761632
R-squared: 0.1723988950252533
Adjusted R-squared: 0.17196290245072232

